0.0 1.050529430658434
0.2 0.8408965032112611
0.4 0.8772303752698015
0.6 0.7975429692312717
0.8 0.7534008684773159
1.0 0.5872708045867442
1.2 0.48141712650671076
1.4 0.44460064565459023
1.6 0.4373004803229185
1.8 0.37468124422831933
2.0 0.3756894967465097
2.2 0.2586963674164069
2.4 0.20504335511662408
2.6 0.234891261688849
2.8 0.32769639067563905
3.0 0.22368366778360982
3.2 0.2637998489468143
3.4 0.14981125693500313
3.6 0.23143272478404892
3.8 0.21268415919262817
4.0 0.16974318846366757
4.2 0.10631876834061775
4.4 0.10630526431392444
4.6 0.17420422488376341
4.8 0.125261589631403
5.0 0.15776284843576882
